0.244311 0.969697 0.000000
-0.307186 0.909091 0.281408
0.046267 0.848485 -0.527193
0.374695 0.787879 0.488723
-0.675857 0.727273 -0.119550
0.628898 0.666667 -0.400053
-0.206494 0.606061 0.768148
-0.386305 0.545455 -0.743806
0.821529 0.484848 0.300021
-0.837040 0.424242 0.345518
0.394830 0.363636 -0.843729
0.285212 0.303030 0.909300
-0.839402 0.242424 -0.486451
0.960397 0.181818 -0.211141
-0.570889 0.121212 0.812031
-0.128274 0.060606 -0.989885
0.764649 0.000000 0.644447
-0.997309 -0.060606 0.041242
0.703603 -0.121212 -0.700179
-0.045422 -0.181818 0.982283
-0.621597 -0.242424 -0.744881
0.944470 -0.303030 0.127077
-0.764663 -0.363636 0.532033
0.198751 -0.424242 -0.883468
0.434833 -0.484848 0.758842
-0.798490 -0.545455 -0.254740
0.722074 -0.606061 -0.333616
-0.287753 -0.666667 0.687571
-0.232296 -0.727273 -0.645843
0.545127 -0.787879 0.286503
-0.511740 -0.848485 0.134893
0.225312 -0.909091 -0.350412
0.041380 -0.969697 0.240781
